Eben 1:
0,1
1,5
2,3
3,0
3,2
3,7
4,4
5,0
5,5
6,2
6,3
6,6
8,2
=====
0,1
1,0
1,5
2,3
3,5
4,2
4,4
5,2
6,0
6,3
7,5
8,2

==
0,3
1,5
2,0
2,2
3,2
3,5
4,4
5,2
5,5
5,7
6,0
8,1
8,3
Eben 2:
0,4
1,1
1,3
3,6
5,1
6,5
7,2

special
0,0
4,3
4,8
7,1
===

1,4
2,1
3,6
4,8
5,1
6,5
7,2
8,0

special
0,4
3,3
4,1
8,4
===

1,3
2,1
4,0
4,7
5,1
6,5
7,2
8,4

special
1,1
3,4
4,8
8,0

Ebene 3
0,2
5,0
5,7
6,3

speacial
2.0
3,3
3,7
8,2

==
1,0
2,6
5,2
8,3

special
0,2
3,4
6,0
7,5
==
0,3
3,2
6,6
7,0

special
2,0
2,6
4,5
8,1

Ebene 4
4,4

special
0,0
3,6
5,1
8,4

====
special
0,4
2,1
6,5
8,0

====
special
1,3
4,0
4,8
7,2